1111111111111111111111111111111111111111111111111111111111111111111111111111111111111111111111111111111111111111111111111111111111111111111111111111111111111111111111111111111111111111111111111111111111111111111111111111111111111111111111111111111111111111
1111111111111111111111111111111111111111111111111111111111111111111111111111111111111111111111111111111111111111111111111111111111111111111111111111111111111111111111111111111111111111111111111111111111111111111111111111111111111111111111111111111111111111
1111111111111111111111111111111111111111111111111111111111111111111111111111111111111111111111111111111111111111111111111111111111111111111111111111111111111111111111111111111111111111111111111111111111111111111111111111111111111111111111111111111111111111
1111111111111111111111111111111111111111111111111111111111111111111111111111111111111111111111111111111111111111111111111111111111111111111111111111111111111111111111111111111111111111111111111111111111111111111111111111111111111111111111111111111111111111
1111111111111111111111111111111111111111111111111111111111111111111111111111111111111111111111111111111111111111111111111111111111111111111111111111111111111111111111111111111111111111111111111111111111111111111111111111111111111111111111111111111111111111
1111111111111111111111111111111111111111111111111111111111111111111111111111111111111111111111111111111111111111111111111111111111111111111111111111111111111111111111111111111111111111111111111111111111111111111111111111111111111111111111111111111111111111
1111111111111111111111111111111111111111111111111111111111111111111111111111111111111111111111111111111111111111111111111111111111111111111111111111111111111111111111111111111111111111111111111111111111111111111111111111111111111111111111111111111111111111
1111111111111111111111111111111111111111111111111111111111111111111111111111111111111111111111111111111111111111111111111111111111111111111111111111111111111111111111111111111111111111111111111111111111111111111111111111111111111111111111111111111111111111
1111111111111111111111111111111111111111111111111111111111111111001111110000011100000000000000001111000011000000000000000000001100011111111111111111111111111111111111111111111111111111111111111111111111111111111111111111111111111111111111111111111111111111
1111100011110001111000011100001110000011000001110000111100111111111111111111111111111111111111111111111100001111000001110000001110000001111100011111000011111000111110001111100011111000111110001111100011111000000000000000000000000001111111111111111111111111
1111000111111000111110001111100011111000111110001111100011111000111110000000000000000000000000011111111111111111111111111111111111111111111111110111111100011111000011110000011111000011111000011111000111110001111110001111100011111000111110001111100011111000
1111111111111111111111111111111111111111111110001111100011111000111110001111100011111000111110001111100011111000000000000000000000000000111110001111100011111000111110001111100011111000111110001111100011111111111111110001111100000111000000111000000111100001
1111111111111111111111111111111111111111011111110000111100000001000000001100000011111000111111111111111111111111111111001110000000000000000000000000011100111111111111111111111111111111111111111111111111111111111111111111111111111111111111111111111111111111
1111111111111111111111111111111111111111111111000000000000000000000000000000111111111111111111111111111111111110011110000011000000100000000000110000011110001111100011111000111110001111100011111000111110001111000000000000000000000000111111111111111111111111
0000111100011111000111110001111100011111000111110001111100011111000111110000000000000000000000001111111111111111111111111111111111111111000000110000000000000000111100001111111111111111111111111111111111111111111111111111111111111111111111111111111111111111
1111111111111111111111111111111111111111111111111111111111111111111111111111111111111111111111111111111111111111000000000000000000000000111111111111111111111111111111111111111111111111111111111111111111111111111111111111110011110000111000001100000101000111
1111111111111111111111110001111100000011000000000000000011100000111100001111000111110001111100011111000111110001111100011111000111110001111100001000000000000000000000010000111111111111111111111111111111111111111111111111111111111111111111111111111111111111
1111111111111111011111110011111100011111000000110000000010000000111000001111111011111111111111111000001100000000000000000001100001111110111111111111111111111111111111111111111111111111111111111111111111111111000000000000000000000000111111111111111111111111
1111110011111110111111111111111111111111111111111111111111111111111111110000000000000000000000001111111111111111111111111111111111111111111111001110000010000000000000000000111100111111011111111111111111111111111111111111111111111111111111111111111111111111
1111111111111111111111111111111111111111111111111111111111111111111111111111111111111111111111111111111111111111000000000000000000000000111111111111111111111111111111111111111111111111111111111111111111111111111111110111111100000111000000010000000011100000
1111111111110111111100001111000011110000111110001111111111111111111111111111111111111111111111111111111111111111111111111111111111111111111111111111111111111110111100001111000011110000111101111111111111111111111111111111111111111111111111111111111111111111
1111000111111000111110001111110011111100111111101111111111111111111111111111111111111111111111111111111111111110111111001111110011111000111110001111100111110001111100011111000111110001111100011111000111110001111100001111000011110000111111111111111111111111
1111111111111111111111111111111111111111111111111111111111111111111111111111000011110000111100001111111111111111111111111111111111111111111111111111111111111111111111111111111011111100111110001111100011111000111100011111000111110001111100011111000111110001
1111111111111111111111111111111111111111111111111111111111111111111111111111111111111111111111111111111111111111111100001111000011110000111111111111111111111111111111111111111111111111111111111111111111111111111101111111000011110000111100001111111011111111
1111111111111111111111111111111111111111111111111111111111111111111111111111111111111111111111111111111111111111111111111111111111111111111111111111111111111111111111111111111111111111111111111111111111111111111111111111111111111111111111111111111111111111
1111111111111111111111111111111111111111111111111111111111111111111111111111111111111111111111111111111111111111111111111111111111111111111111111111111111111111111111111111111111111111111111111111111111111111111111111111111111111111111111111111111111111111
1111111111111111111111111111111111111111111111111111111111111111111111111111111111111111111111111111111111111111111111111111111111111111111111111111111111111111111111111111111111111111111111111111111111111111111111111111111111111111111111111111111111111111
1111111111111111111111111111111111111111111111111111111111111111111111111111111111111111111111111111111111111111111111111111111111111111111111111111111111111111111111111111111111111111111111111111111111111111111111111111111111111111111111111111111111111111
1111111111111111111111111111111111111111111111111111111111111111111111111111111111111111111111111111111111111111111111111111111111111111111111111111111111111111111111111111111111111111111111111111111111111111111111111111111111111111111111111111111111111111
1111111111111111111111111111111111111111111111111111111111111111111111111111111111111111111111111111111111111111111111111111111111111111111111111111111111111111111111111111111111111111111111111111111111111111111111111111111111111111111111111111111111111111
1111111111111111111111111111111111111111111111111111111111111111111111111111111111111111111111111111111111111111111111111111111111111111111111111111111111111111111111111111111111111111111111111111111111111111111111111111111111111111111111111111111111111111
1111111111111111111111111111111111111111111111111111111111111111111111111111111111111111111111111111111111111111111111111111111111111111111111111111111111111111111111111111111111111111111111111111111111111111111111111111111111111111111111111111111111111111