1111111111111111111111111111111111111111111111111111111111111111111111111111111111111111111111111111111111111111111111111111111111111111111111111111111111111111111111111111111111111111111111111111111111111111111111111111111111111111111111111111111111111111
1111111111111111111111111111111111111111111111111111111111111111111111111111111111111111111111111111111111111111111111111111111111111111111111111111111111111111111111111111111111111111111111111111111111111111111111111111111111111111111111111111111111111111
1111111111111111111111111111111111111111111111111111111111111111111111111111111111111111111111111111111111111111111111111111111111111111111111111111111111111111111111111111111111111111111111111111111111111111111111111111111111111111111111111111111111111111
1111111111111111111111111111111111111111111111111111111111111111111111111111111111111111111111111111111111111111111111111111111111111111111111111111111111111111111111111111111111111111111111111111111111111111111111111111111111111111111111111111111111111111
1111111111111111111111111111111111111111111111111111111111111111111111111111111111111111111111111111111111111111111111111111111111111111111111111111111111111111111111111111111111111111111111111111111111111111111111111111111111111111111111111111111111111111
1111111111111111111111111111111111111111111111111111111111111111111111111111111111111111111111111111111111111111111111111111111111111111111111111111111111111111111111111111111111111111111111111111111111111111111111111111111111111111111111111111111111111111
1111111111111111111111111111111111111111111111111111111111111111111111111111111111111111111111111111111111111111111111111111111111111111111111111111111111111111111111111111111111111111111111111111111111111111111111111111111111111111111111111111111111111111
1111111111111111111111111111111111111111111111111111111111111111111111111111111111111111111111111111111111111111111111111111111111111111111111111111111111111111111111111111111111111111111111111111111111111111111111111111111111111111111111111111111111111111
0011111100111111001111110011111100111111001111111111111111111111111111111111111111111111111111110111111101111111011111110011111100111111001111110011111100111111001111110011111100111111111111111111111111111111111111111111111111111111111111111111111111111111
1111111101111111011111110011111100111111001111110011111100111111001111110111111101111111111111111111111111111111111111110011111100111111001111110011111100111111001111110011111100111111001111110011111100111111001111111111111111111111001111110011111100111111
1111111111111111111111110011111100111111001111111111111111111111111111111111111111111111111111111111111111111111001111110011111111111111111111111111111111111111111111111111111111111111111111110011111100111111001111111111111111111111111111111111111111111111
1111111111111111111111111111111111111111111111110011111100111111001111110011111100111111001111110011111100111111001111111111111111111111111111110011111100111111001111110011111100111111001111110011111100111111001111110011111100111111001111111111111111111111
0011111100111111001111110011111100000000000000001111111111111111111111110000011100000001111100001111110011111110111111101111111111111111111111111111111111111111111111110000000000000000111111111111111111111111111111111111111111111111111111111111111111111111
1110000011111100111111101111111111111111111111111111111111111111111111111111111011111100111000000000001100001111111111111111111111111111111111111111111111111111000000000000000011111111111111111111111111111111111111111111111111111111001111110011111100111111
0011111100000111100000001111100011111110111100001000000000000111001111111111111111111111111111111111111111111111000000000000000011111111111111111111111100111111000111111000011111100001111110001111111000000000000000001111111111111111111111110000111100000001
1111111111111111111111111111111111111111111111110011111100111111001111110011111100111111001111110011111100000000000000001111111111111111111111111111111111111111111111111111111111111111000000000000000011111111111111111111111111111111111111111111111111111111
0011111100111111001111110011111100000000000000001111111111111111111111111111110011110000110000011100011110011111100111110011111100111111001111110011111100111111001111110000000000000000111111111111111111111111111111111111111111111111111111111111111111111111
1100000110001111100111110011111100111111001111110011111100111111001111111001111110001111110000011110000011111100111111111111111111111111111111111111111111111111000000000000000011111111111111111111111111111111111111111111111111111111001111110011111100111111
1110000011111000111110011111100111111001111110011111100111111000111000000000000100001111011111111111111111111111000000000000000010001111110000111111000011111100111111101111111111111111111111111111111100000000000000001111111111111111111111111111110011100000
1111111111111111111111111111111111111111001111110011111100111111001111110011111100111111001111110011111100000000000000001111111111111111111111111111111111111111111111111111111111111111000000000000000011111111111111111111111111111111011111110000111100000001
1111111111111111111111111111111111111111111111111111111111111111111111111111111111111111111111111111111111111111111111111111111111111111111111111111111111111111111111111111111111111111111111111111111111111111111111111111111111111111111111111111111111111111
1111111111111111111111111111111111111111111111111111111111111111111111111111111111111111111111111111111111111111111111111111111111111111111111111111111111111111111111111111111111111111111111111111111111111111111111111111111111111111111111111111111111111111
1111111111111111111111111111111111111111111111111111111111111111111111111111111111111111111111111111111111111111111111111111111111111111111111111111111111111111111111111111111111111111111111111111111111111111111111111111111111111111111111111111111111111111
1111111111111111111111111111111111111111111111111111111111111111111111111111111111111111111111111111111111111111111111111111111111111111111111111111111111111111111111111111111111111111111111111111111111111111111111111111111111111111111111111111111111111111
1111111111111111111111111111111111111111111111111111111111111111111111111111111111111111111111111111111111111111111111111111111111111111111111111111111111111111111111111111111111111111111111111111111111111111111111111111111111111111111111111111111111111111
1111111111111111111111111111111111111111111111111111111111111111111111111111111111111111111111111111111111111111111111111111111111111111111111111111111111111111111111111111111111111111111111111111111111111111111111111111111111111111111111111111111111111111
1111111111111111111111111111111111111111111111111111111111111111111111111111111111111111111111111111111111111111111111111111111111111111111111111111111111111111111111111111111111111111111111111111111111111111111111111111111111111111111111111111111111111111
1111111111111111111111111111111111111111111111111111111111111111111111111111111111111111111111111111111111111111111111111111111111111111111111111111111111111111111111111111111111111111111111111111111111111111111111111111111111111111111111111111111111111111
1111111111111111111111111111111111111111111111111111111111111111111111111111111111111111111111111111111111111111111111111111111111111111111111111111111111111111111111111111111111111111111111111111111111111111111111111111111111111111111111111111111111111111
1111111111111111111111111111111111111111111111111111111111111111111111111111111111111111111111111111111111111111111111111111111111111111111111111111111111111111111111111111111111111111111111111111111111111111111111111111111111111111111111111111111111111111
1111111111111111111111111111111111111111111111111111111111111111111111111111111111111111111111111111111111111111111111111111111111111111111111111111111111111111111111111111111111111111111111111111111111111111111111111111111111111111111111111111111111111111
1111111111111111111111111111111111111111111111111111111111111111111111111111111111111111111111111111111111111111111111111111111111111111111111111111111111111111111111111111111111111111111111111111111111111111111111111111111111111111111111111111111111111111